faFF 5x8

ReplacementCharacter.png
65533

ASCII.png
 32, 33, 34, 35, 36, 37, 38, 39, 40, 41, 42, 43, 44, 45, 46, 47
 48, 49, 50, 51, 52, 53, 54, 55, 56, 57, 58, 59, 60, 61, 62, 63
 64, 65, 66, 67, 68, 69, 70, 71, 72, 73, 74, 75, 76, 77, 78, 79
 80, 81, 82, 83, 84, 85, 86, 87, 88, 89, 90, 91, 92, 93, 94, 95
 96, 97, 98, 99,100,101,102,103,104,105,106,107,108,109,110,111
112,113,114,115,116,117,118,119,120,121,122,123,124,125,126,127

Umlaute.png
196,214,220,223,228,246,252

Punctuation.png
 167, 171, 172, 176, 177, 178, 179, 181, 183, 185, 187, 215, 247,8214,8226,8227,8592
8593,8594,8595,8598,8599,8600,8601,8612,8613,8614,8615,8734,8776,8800,8804,8805,10178

Greek.png
913,914,915,916,917,918,919,920,921,922
923,924,925,926,927,928,929,931,932,933
934,935,936,937,945,946,947,948,949,950
951,952,953,954,955,956,957,958,959,960
961,962,963,964,965,966,967,968,969,977
